ConfirmationID: 6001, Time: 2025-12-07T11:15:19.072876
ConfirmationID: 6001, OrderID: 5001, Time: 2025-12-07T11:19:14.123401
